4328 
0 0 7 0
0 1 9 1
0 2 11 2
0 3 8 3
0 4 8 4
0 5 10 5
0 6 8 6
0 7 10 7
0 8 10 8
0 10 8 10
0 11 10 11
0 12 11 12
0 13 9 13
0 14 9 14
0 15 10 15
0 16 9 16
0 18 10 18
0 19 7 19
0 20 7 20
0 21 8 21
0 22 7 22
0 23 8 23
0 24 7 24
0 25 7 25
0 26 11 26
0 27 7 27
0 28 8 28
0 29 7 29
0 30 7 30
0 31 7 31
0 33 8 33
0 34 8 34
0 37 9 37
0 38 9 38
0 39 8 39
0 40 10 40
0 41 7 41
0 42 8 42
0 43 8 43
0 44 7 44
0 45 11 45
0 46 7 46
0 47 7 47
0 48 8 48
0 49 9 49
0 50 11 50
0 51 10 51
0 52 7 52
0 53 8 53
0 54 10 54
0 55 7 55
0 56 9 56
0 57 7 57
0 58 8 58
0 59 7 59
0 60 7 60
0 61 8 61
0 62 7 62
0 63 8 63
0 64 8 64
0 65 8 65
0 66 8 66
0 67 11 67
0 68 7 68
0 69 11 69
0 71 9 71
0 72 11 72
0 73 8 73
0 74 8 74
0 75 7 75
0 76 8 76
0 77 7 77
0 78 8 78
0 80 7 80
0 81 11 81
0 82 8 82
0 83 11 83
0 84 8 84
0 85 9 85
0 87 10 87
0 88 10 88
0 89 9 89
0 90 11 90
0 91 7 91
0 92 9 92
0 94 7 94
0 95 11 95
0 96 8 96
0 97 7 97
0 98 8 98
0 99 7 99
0 100 8 100
0 101 7 101
0 102 7 102
0 103 10 103
0 104 11 104
0 105 11 105
0 106 9 106
0 107 7 107
0 108 9 108
0 109 7 109
0 111 8 111
0 113 7 113
0 114 9 114
0 115 9 115
0 116 10 116
0 117 7 117
0 118 9 118
0 119 8 119
0 120 8 120
0 121 10 121
0 122 7 122
0 123 7 123
0 124 10 124
0 125 7 125
0 126 9 126
0 127 7 127
0 128 10 128
0 129 7 129
0 130 7 130
0 131 7 131
0 132 7 132
0 133 8 133
0 134 10 134
0 135 10 135
0 136 9 136
0 137 11 137
0 138 8 138
0 139 11 139
0 140 7 140
0 141 8 141
0 142 9 142
0 143 7 143
0 144 9 144
0 145 7 145
0 146 7 146
0 148 8 148
0 149 11 149
0 150 9 150
0 151 8 151
0 152 8 152
0 153 7 153
0 154 7 154
0 155 11 155
0 156 11 156
0 157 10 157
0 158 8 158
0 159 7 159
0 160 7 160
0 161 7 161
0 162 10 162
0 163 10 163
0 164 9 164
0 165 9 165
0 166 7 166
0 167 7 167
0 168 8 168
0 169 8 169
0 170 7 170
0 171 11 171
0 172 8 172
0 173 9 173
0 174 10 174
0 175 10 175
0 176 9 176
0 177 7 177
0 178 7 178
0 179 9 179
0 181 8 181
0 183 7 183
0 184 7 184
0 185 8 185
0 186 9 186
0 187 8 187
0 188 8 188
0 189 7 189
0 190 9 190
0 191 7 191
0 192 7 192
0 193 10 193
0 194 8 194
0 195 10 195
0 196 10 196
0 197 7 197
0 198 9 198
0 199 8 199
0 200 11 200
0 201 9 201
0 202 8 202
0 203 9 203
0 204 10 204
0 205 7 205
0 206 7 206
0 207 7 207
0 208 8 208
0 209 10 209
0 212 7 212
0 213 8 213
0 214 7 214
0 215 7 215
0 216 10 216
0 217 11 217
0 218 7 218
0 219 10 219
0 220 7 220
0 221 8 221
0 222 8 222
0 223 8 223
0 224 8 224
0 225 8 225
0 226 11 226
0 227 9 227
0 228 8 228
0 229 8 229
0 231 7 231
0 232 8 232
0 233 10 233
0 234 8 234
0 235 8 235
0 236 9 236
0 237 10 237
0 238 9 238
0 239 8 239
0 240 9 240
0 241 11 241
0 242 9 242
0 243 7 243
0 244 7 244
0 245 9 245
0 246 9 246
0 247 7 247
0 248 9 248
0 249 9 249
8 0 16 0
8 19 18 19
8 20 15 20
8 22 15 22
8 24 17 24
8 25 16 25
8 27 16 27
8 29 16 29
8 30 16 30
8 31 16 31
8 41 17 41
8 44 15 44
8 46 17 46
8 47 17 47
8 52 16 52
8 55 15 55
8 57 16 57
8 59 15 59
8 60 16 60
8 62 15 62
8 68 16 68
8 75 17 75
8 77 16 77
8 80 17 80
8 91 15 91
8 94 18 94
8 97 17 97
8 99 17 99
8 101 18 101
8 102 17 102
8 107 16 107
8 109 17 109
8 113 19 113
8 117 19 117
8 122 15 122
8 123 17 123
8 125 15 125
8 127 15 127
8 130 15 130
8 131 16 131
8 132 15 132
8 140 16 140
8 143 15 143
8 145 17 145
8 146 17 146
8 153 16 153
8 154 19 154
8 160 18 160
8 161 15 161
8 167 17 167
8 170 17 170
8 177 18 177
8 184 17 184
8 189 15 189
8 191 19 191
8 192 15 192
8 197 18 197
8 205 15 205
8 206 17 206
8 207 16 207
8 212 15 212
8 214 15 214
8 215 16 215
8 218 15 218
8 220 19 220
8 231 15 231
8 243 17 243
8 244 15 244
8 247 16 247
9 3 16 3
9 6 18 6
9 10 17 10
9 21 19 21
9 28 20 28
9 33 17 33
9 34 16 34
9 39 17 39
9 42 16 42
9 43 17 43
9 48 17 48
9 53 16 53
9 58 17 58
9 61 17 61
9 63 18 63
9 64 16 64
9 65 19 65
9 66 17 66
9 73 17 73
9 74 17 74
9 76 17 76
9 96 18 96
9 98 17 98
9 111 16 111
9 119 19 119
9 120 20 120
9 138 17 138
9 141 16 141
9 148 16 148
9 151 19 151
9 152 18 152
9 158 18 158
9 168 18 168
9 169 16 169
9 172 17 172
9 181 16 181
9 185 17 185
9 187 18 187
9 188 18 188
9 199 16 199
9 208 19 208
9 221 18 221
9 223 20 223
9 224 20 224
9 225 20 225
9 228 16 228
9 229 18 229
9 232 16 232
9 234 19 234
9 235 16 235
9 239 17 239
10 1 18 1
10 13 18 13
10 16 20 16
10 38 19 38
10 56 17 56
10 71 20 71
10 85 17 85
10 89 18 89
10 92 17 92
10 106 19 106
10 108 20 108
10 114 17 114
10 115 19 115
10 118 21 118
10 126 17 126
10 136 18 136
10 142 17 142
10 144 21 144
10 150 17 150
10 164 17 164
10 165 17 165
10 173 20 173
10 179 21 179
10 186 17 186
10 190 20 190
10 198 17 198
10 201 21 201
10 203 20 203
10 238 19 238
10 240 18 240
10 242 17 242
10 245 18 245
10 246 19 246
10 248 17 248
10 249 17 249
11 5 22 5
11 8 22 8
11 11 20 11
11 15 19 15
11 18 22 18
11 40 20 40
11 51 18 51
11 54 18 54
11 87 18 87
11 88 19 88
11 116 19 116
11 121 20 121
11 124 20 124
11 128 21 128
11 134 20 134
11 135 20 135
11 157 19 157
11 163 22 163
11 174 19 174
11 175 18 175
11 193 20 193
11 195 18 195
11 196 19 196
11 204 19 204
11 209 18 209
11 216 20 216
11 219 19 219
11 233 18 233
12 2 21 2
12 9 21 9
12 12 20 12
12 17 19 17
12 26 19 26
12 32 22 32
12 35 21 35
12 36 21 36
12 50 19 50
12 67 22 67
12 69 19 69
12 70 19 70
12 72 22 72
12 81 21 81
12 90 19 90
12 93 20 93
12 104 20 104
12 105 20 105
12 110 21 110
12 112 20 112
12 139 23 139
12 147 22 147
12 149 19 149
12 155 20 155
12 171 21 171
12 180 22 180
12 182 21 182
12 200 23 200
12 210 19 210
12 211 23 211
12 217 20 217
12 230 19 230
12 241 22 241
16 20 24 20
16 22 25 22
16 44 26 44
16 55 23 55
16 59 25 59
16 62 23 62
16 122 26 122
16 125 25 125
16 127 24 127
16 132 25 132
16 143 24 143
16 161 26 161
16 189 23 189
16 192 23 192
16 205 27 205
16 218 25 218
16 244 26 244
17 3 24 3
17 25 25 25
17 27 24 27
17 30 25 30
17 31 28 31
17 34 26 34
17 42 25 42
17 52 26 52
17 53 26 53
17 60 24 60
17 64 28 64
17 68 27 68
17 77 24 77
17 107 24 107
17 111 27 111
17 131 25 131
17 140 25 140
17 141 24 141
17 148 24 148
17 153 26 153
17 169 24 169
17 181 24 181
17 199 25 199
17 207 24 207
17 215 25 215
17 232 25 232
17 235 26 235
17 247 26 247
18 10 26 10
18 24 25 24
18 33 26 33
18 39 25 39
18 41 25 41
18 43 25 43
18 46 25 46
18 47 28 47
18 48 25 48
18 56 28 56
18 58 25 58
18 61 25 61
18 66 27 66
18 73 27 73
18 74 25 74
18 75 28 75
18 76 26 76
18 85 26 85
18 92 27 92
18 97 28 97
18 98 25 98
18 99 25 99
18 102 28 102
18 109 25 109
18 114 27 114
18 123 26 123
18 126 27 126
18 138 25 138
18 142 29 142
18 145 27 145
18 146 25 146
18 150 25 150
18 164 26 164
18 165 29 165
18 167 28 167
18 172 25 172
18 185 26 185
18 206 25 206
18 239 25 239
18 243 29 243
18 248 26 248
18 249 25 249
19 1 29 1
19 6 26 6
19 13 27 13
19 19 26 19
19 51 30 51
19 54 26 54
19 63 29 63
19 87 27 87
19 89 26 89
19 94 26 94
19 96 26 96
19 101 26 101
19 158 27 158
19 160 26 160
19 168 27 168
19 175 27 175
19 177 30 177
19 187 27 187
19 188 29 188
19 195 28 195
19 197 30 197
19 209 30 209
19 221 27 221
19 229 29 229
19 245 26 245
20 15 31 15
20 17 29 17
20 26 27 26
20 38 28 38
20 65 29 65
20 70 31 70
20 88 28 88
20 106 30 106
20 113 27 113
20 115 28 115
20 116 31 116
20 117 31 117
20 119 29 119
20 149 28 149
20 151 29 151
20 157 30 157
20 159 27 159
20 166 28 166
20 174 31 174
20 178 28 178
20 183 29 183
20 191 28 191
20 196 27 196
20 208 28 208
20 210 28 210
20 220 28 220
20 230 27 230
20 234 27 234
20 238 28 238
20 246 28 246
21 4 28 4
21 11 29 11
21 12 30 12
21 16 28 16
21 23 28 23
21 40 30 40
21 71 30 71
21 78 28 78
21 82 29 82
21 84 30 84
21 93 32 93
21 100 29 100
21 104 28 104
21 105 28 105
21 112 28 112
21 120 30 120
21 121 31 121
21 133 28 133
21 135 29 135
21 155 28 155
21 173 31 173
21 193 28 193
21 194 28 194
21 202 31 202
21 203 30 203
21 213 29 213
21 216 30 216
21 217 28 217
21 222 28 222
21 224 30 224
21 225 28 225
22 9 32 9
22 14 32 14
22 36 29 36
22 37 29 37
22 49 30 49
22 110 29 110
22 118 30 118
22 128 29 128
22 144 32 144
22 171 29 171
22 176 30 176
22 179 32 179
22 182 31 182
22 201 29 201
22 227 31 227
23 5 34 5
23 7 30 7
23 8 33 8
23 18 32 18
23 32 30 32
23 72 34 72
23 103 32 103
23 147 31 147
23 162 32 162
23 163 33 163
23 180 33 180
23 237 31 237
23 241 30 241
24 45 32 45
24 55 35 55
24 62 31 62
24 79 35 79
24 95 33 95
24 137 31 137
24 139 33 139
24 156 31 156
24 189 31 189
24 192 34 192
24 200 31 200
24 211 33 211
24 226 33 226
25 3 33 3
25 20 33 20
25 27 32 27
25 60 33 60
25 77 33 77
25 107 34 107
25 127 33 127
25 141 34 141
25 148 32 148
25 181 33 181
25 207 35 207
26 25 35 25
26 30 33 30
26 39 34 39
26 41 36 41
26 42 34 42
26 43 35 43
26 46 33 46
26 48 34 48
26 58 33 58
26 59 33 59
26 61 34 61
26 74 37 74
26 98 36 98
26 109 34 109
26 125 33 125
26 138 33 138
26 146 36 146
26 150 34 150
26 206 34 206
26 218 33 218
26 239 35 239
26 249 37 249
27 6 34 6
27 10 36 10
27 19 37 19
27 33 35 33
27 34 36 34
27 44 35 44
27 52 35 52
27 54 35 54
27 76 35 76
27 85 35 85
27 89 34 89
27 94 35 94
27 96 34 96
27 101 34 101
27 122 37 122
27 123 38 123
27 164 38 164
27 185 34 185
27 235 38 235
27 244 34 244
27 245 35 245
27 247 38 247
27 248 35 248
28 26 35 26
28 66 39 66
28 68 37 68
28 73 38 73
28 87 37 87
28 91 35 91
28 92 35 92
28 111 37 111
28 114 35 114
28 145 35 145
28 159 36 159
28 168 36 168
28 187 37 187
28 196 38 196
28 205 38 205
28 212 37 212
28 214 38 214
28 221 35 221
28 230 36 230
28 231 36 231
28 234 35 234
29 16 36 16
29 23 36 23
29 29 40 29
29 31 36 31
29 38 36 38
29 47 36 47
29 56 36 56
29 57 37 57
29 64 38 64
29 75 36 75
29 78 36 78
29 88 38 88
29 97 37 97
29 102 37 102
29 104 38 104
29 112 36 112
29 133 38 133
29 149 37 149
29 155 40 155
29 166 39 166
29 167 37 167
29 178 36 178
29 191 37 191
29 193 38 193
29 194 37 194
29 208 40 208
29 210 39 210
29 217 39 217
29 220 36 220
29 222 38 222
29 228 36 228
29 246 36 246
30 1 39 1
30 11 37 11
30 17 38 17
30 36 37 36
30 37 38 37
30 63 38 63
30 65 38 65
30 80 38 80
30 82 37 82
30 100 38 100
30 128 37 128
30 135 37 135
30 142 37 142
30 151 39 151
30 165 39 165
30 170 37 170
30 171 41 171
30 183 37 183
30 186 38 186
30 188 38 188
30 198 37 198
30 213 41 213
30 229 38 229
30 242 38 242
30 243 40 243
31 7 39 7
31 12 38 12
31 32 38 32
31 49 39 49
31 51 42 51
31 71 42 71
31 84 40 84
31 106 39 106
31 118 38 118
31 120 40 120
31 136 38 136
31 152 40 152
31 157 39 157
31 176 41 176
31 177 41 177
31 197 39 197
31 203 39 203
31 209 39 209
31 216 38 216
31 224 41 224
31 233 41 233
31 240 38 240
31 241 42 241
32 15 39 15
32 21 41 21
32 50 42 50
32 62 42 62
32 69 43 69
32 116 40 116
32 117 39 117
32 121 39 121
32 129 39 129
32 137 42 137
32 147 43 147
32 154 39 154
32 173 39 173
32 174 42 174
32 182 41 182
32 200 41 200
32 204 41 204
32 219 42 219
32 227 43 227
32 237 39 237
33 9 41 9
33 14 40 14
33 18 41 18
33 27 40 27
33 28 43 28
33 93 42 93
33 103 41 103
33 108 43 108
33 124 41 124
33 134 41 134
33 144 42 144
33 148 41 148
33 179 42 179
33 223 41 223
34 2 41 2
34 3 44 3
34 8 41 8
34 20 42 20
34 30 42 30
34 35 42 35
34 58 42 58
34 59 41 59
34 60 41 60
34 77 41 77
34 81 44 81
34 95 44 95
34 125 43 125
34 127 44 127
34 138 43 138
34 139 43 139
34 163 41 163
34 180 42 180
34 181 42 181
34 211 44 211
34 218 42 218
34 226 43 226
34 236 41 236
35 5 45 5
35 6 42 6
35 39 46 39
35 42 45 42
35 48 46 48
35 61 44 61
35 67 43 67
35 89 43 89
35 101 43 101
35 107 43 107
35 109 43 109
35 141 46 141
35 150 45 150
35 185 46 185
35 192 46 192
35 206 44 206
35 244 43 244
36 25 44 25
36 26 46 26
36 33 44 33
36 43 44 43
36 44 44 44
36 52 43 52
36 54 44 54
36 55 44 55
36 76 44 76
36 79 45 79
36 85 43 85
36 86 45 86
36 91 47 91
36 92 44 92
36 94 45 94
36 114 45 114
36 145 43 145
36 207 44 207
36 221 44 221
36 234 43 234
36 239 46 239
36 245 47 245
36 248 44 248
37 16 46 16
37 23 46 23
37 31 46 31
37 34 44 34
37 38 45 38
37 41 45 41
37 47 44 47
37 75 44 75
37 78 45 78
37 98 46 98
37 112 45 112
37 146 48 146
37 168 45 168
37 169 46 169
37 178 48 178
37 220 44 220
37 228 44 228
37 230 45 230
37 231 44 231
37 246 44 246
38 11 45 11
38 22 49 22
38 24 47 24
38 36 48 36
38 57 47 57
38 68 45 68
38 74 47 74
38 82 48 82
38 87 47 87
38 99 47 99
38 102 45 102
38 111 46 111
38 122 45 122
38 128 46 128
38 131 45 131
38 135 45 135
38 140 46 140
38 142 47 142
38 149 48 149
38 167 47 167
38 170 45 170
38 172 47 172
38 187 47 187
38 191 45 191
38 194 45 194
38 198 46 198
38 199 48 199
38 215 45 215
38 232 47 232
38 249 45 249
39 12 46 12
39 17 46 17
39 32 46 32
39 37 47 37
39 53 47 53
39 63 47 63
39 64 47 64
39 65 48 65
39 73 50 73
39 80 47 80
39 88 46 88
39 104 48 104
39 123 47 123
39 133 47 133
39 136 50 136
39 153 50 153
39 160 47 160
39 161 47 161
39 164 46 164
39 186 47 186
39 188 49 188
39 193 47 193
39 196 47 196
39 205 47 205
39 214 46 214
39 222 46 222
39 229 50 229
39 235 46 235
39 240 47 240
39 242 46 242
39 247 50 247
40 1 48 1
40 7 49 7
40 13 48 13
40 15 49 15
40 49 49 49
40 106 47 106
40 113 49 113
40 117 48 117
40 121 50 121
40 126 48 126
40 129 49 129
40 130 48 130
40 151 48 151
40 154 47 154
40 157 47 157
40 158 48 158
40 165 48 165
40 166 50 166
40 173 47 173
40 197 49 197
40 203 48 203
40 210 47 210
40 237 48 237
41 4 51 4
41 14 49 14
41 27 48 27
41 29 48 29
41 84 50 84
41 105 48 105
41 115 51 115
41 116 48 116
41 120 48 120
41 152 49 152
41 155 48 155
41 195 49 195
41 208 50 208
41 225 50 225
41 238 50 238
41 243 51 243
42 2 50 2
42 8 53 8
42 9 52 9
42 18 49 18
42 21 50 21
42 59 49 59
42 60 50 60
42 77 50 77
42 103 49 103
42 110 49 110
42 119 50 119
42 124 49 124
42 134 53 134
42 148 49 148
42 163 50 163
42 171 49 171
42 176 50 176
42 177 51 177
42 182 52 182
42 184 49 184
42 200 49 200
42 201 49 201
42 204 51 204
42 213 52 213
42 223 52 223
42 224 51 224
42 233 49 233
42 236 52 236
43 6 51 6
43 20 50 20
43 30 52 30
43 35 52 35
43 40 53 40
43 50 53 50
43 51 50 51
43 58 50 58
43 62 50 62
43 71 51 71
43 137 52 137
43 144 50 144
43 179 51 179
43 180 52 180
43 181 50 181
43 218 50 218
43 241 52 241
44 28 53 28
44 52 51 52
44 67 53 67
44 69 52 69
44 70 52 70
44 85 54 85
44 89 54 89
44 90 53 90
44 101 51 101
44 107 55 107
44 108 51 108
44 109 54 109
44 125 52 125
44 138 53 138
44 139 51 139
44 145 53 145
44 147 54 147
44 156 51 156
44 189 51 189
44 226 51 226
44 227 53 227
44 234 55 234
45 3 52 3
45 25 56 25
45 33 54 33
45 34 54 34
45 43 53 43
45 44 53 44
45 47 54 47
45 54 53 54
45 55 55 55
45 61 52 61
45 75 52 75
45 76 54 76
45 81 52 81
45 92 56 92
45 95 52 95
45 127 54 127
45 162 53 162
45 206 52 206
45 211 54 211
45 220 53 220
45 221 54 221
45 231 55 231
45 246 55 246
45 248 55 248
46 5 55 5
46 11 54 11
46 38 53 38
46 41 53 41
46 42 53 42
46 46 53 46
46 68 56 68
46 78 55 78
46 79 54 79
46 86 53 86
46 94 54 94
46 112 56 112
46 114 53 114
46 122 56 122
46 131 55 131
46 135 57 135
46 150 53 150
46 168 56 168
46 170 54 170
46 191 53 191
46 215 53 215
46 230 53 230
47 12 56 12
47 16 58 16
47 17 54 17
47 23 58 23
47 26 55 26
47 31 56 31
47 39 55 39
47 48 55 48
47 72 54 72
47 88 54 88
47 96 55 96
47 98 54 98
47 111 57 111
47 128 55 128
47 140 56 140
47 141 56 141
47 164 57 164
47 169 55 169
47 185 55 185
47 192 56 192
47 198 54 198
47 214 55 214
47 222 56 222
47 235 54 235
47 239 54 239
47 242 55 242
48 24 59 24
48 37 57 37
48 53 58 53
48 57 56 57
48 63 59 63
48 64 57 64
48 74 55 74
48 80 57 80
48 87 56 87
48 91 57 91
48 99 55 99
48 106 55 106
48 133 56 133
48 142 57 142
48 154 56 154
48 157 57 157
48 160 57 160
48 161 58 161
48 167 55 167
48 172 56 172
48 186 57 186
48 187 55 187
48 193 58 193
48 196 58 196
48 205 58 205
48 232 57 232
49 1 56 1
49 10 60 10
49 13 58 13
49 27 57 27
49 29 57 29
49 36 56 36
49 56 58 56
49 65 59 65
49 104 56 104
49 105 58 105
49 116 56 116
49 117 57 117
49 120 60 120
49 126 60 126
49 130 58 130
49 143 58 143
49 149 57 149
49 151 58 151
49 155 57 155
49 158 57 158
49 165 57 165
49 178 60 178
49 203 58 203
50 7 59 7
50 14 58 14
50 15 57 15
50 19 57 19
50 22 60 22
50 59 58 59
50 97 58 97
50 103 59 103
50 110 57 110
50 113 58 113
50 124 57 124
50 148 61 148
50 171 58 171
50 183 57 183
50 184 57 184
50 188 60 188
50 195 57 195
50 197 61 197
50 200 58 200
50 201 59 201
50 212 60 212
50 233 57 233
51 2 61 2
51 20 59 20
51 21 58 21
51 51 58 51
51 58 61 58
51 60 58 60
51 73 60 73
51 84 60 84
51 100 58 100
51 118 58 118
51 119 60 119
51 136 60 136
51 144 59 144
51 153 59 153
51 163 58 163
51 176 58 176
51 181 62 181
51 208 60 208
51 218 61 218
51 225 58 225
51 229 59 229
51 238 62 238
51 247 59 247
52 4 60 4
52 6 59 6
52 52 63 52
52 66 63 66
52 71 61 71
52 101 61 101
52 108 62 108
52 115 59 115
52 139 63 139
52 175 63 175
52 177 61 177
52 179 59 179
52 189 62 189
52 204 59 204
52 209 61 209
52 217 60 217
52 224 60 224
52 226 63 226
53 0 61 0
53 3 62 3
53 9 61 9
53 30 60 30
53 61 62 61
53 69 61 69
53 70 64 70
53 75 61 75
53 81 64 81
53 95 60 95
53 125 60 125
53 137 60 137
53 180 64 180
53 182 61 182
53 206 61 206
53 213 60 213
53 223 60 223
53 241 60 241
54 8 61 8
54 28 64 28
54 38 65 38
54 40 61 40
54 41 63 41
54 43 61 43
54 44 63 44
54 46 64 46
54 50 65 50
54 54 63 54
54 67 61 67
54 86 62 86
54 90 63 90
54 114 62 114
54 134 62 134
54 138 61 138
54 145 62 145
54 150 61 150
54 162 62 162
54 191 63 191
54 215 61 215
54 220 62 220
54 227 62 227
54 230 64 230
55 11 62 11
55 17 66 17
55 33 63 33
55 34 62 34
55 47 64 47
55 72 62 72
55 76 66 76
55 85 62 85
55 88 63 88
55 89 65 89
55 93 64 93
55 94 63 94
55 98 65 98
55 109 63 109
55 127 62 127
55 147 65 147
55 174 62 174
55 198 63 198
55 211 63 211
55 219 62 219
55 221 63 221
55 235 62 235
55 239 63 239
56 5 64 5
56 26 67 26
56 39 66 39
56 48 64 48
56 55 64 55
56 74 63 74
56 78 65 78
56 96 64 96
56 99 64 99
56 106 67 106
56 107 65 107
56 131 64 131
56 167 65 167
56 185 64 185
56 202 63 202
56 214 64 214
56 234 67 234
56 242 64 242
56 244 65 244
56 246 65 246
56 248 64 248
57 12 64 12
57 25 64 25
57 31 64 31
57 36 64 36
57 45 67 45
57 57 67 57
57 68 67 68
57 87 64 87
57 104 65 104
57 112 64 112
57 122 66 122
57 133 65 133
57 140 68 140
57 141 68 141
57 168 68 168
57 172 65 172
57 190 68 190
57 207 68 207
57 222 68 222
58 15 67 15
58 19 66 19
58 27 67 27
58 29 66 29
58 37 66 37
58 64 67 64
58 80 67 80
58 91 65 91
58 102 66 102
58 110 67 110
58 111 65 111
58 117 69 117
58 124 67 124
58 135 65 135
58 142 69 142
58 149 67 149
58 155 65 155
58 157 66 157
58 158 69 158
58 160 68 160
58 164 67 164
58 165 66 165
58 183 68 183
58 184 65 184
58 186 65 186
58 194 66 194
58 195 65 195
58 232 65 232
58 233 65 233
58 249 68 249
59 13 69 13
59 14 67 14
59 16 69 16
59 32 69 32
59 51 69 51
59 53 68 53
59 56 66 56
59 60 68 60
59 97 69 97
59 105 67 105
59 113 67 113
59 118 66 118
59 130 66 130
59 143 68 143
59 151 67 151
59 161 66 161
59 163 68 163
59 171 68 171
59 176 68 176
59 193 69 193
59 196 67 196
59 200 68 200
59 203 66 203
59 205 67 205
59 225 67 225
60 7 67 7
60 20 67 20
60 24 69 24
60 63 71 63
60 65 67 65
60 83 69 83
60 123 68 123
60 144 68 144
60 153 70 153
60 173 67 173
60 179 68 179
60 201 70 201
60 204 68 204
60 210 68 210
60 229 70 229
60 240 69 240
60 245 69 245
60 247 67 247
61 4 71 4
61 30 70 30
61 73 68 73
61 82 68 82
61 95 68 95
61 119 68 119
61 120 68 120
61 125 72 125
61 126 69 126
61 136 68 136
61 137 69 137
61 146 70 146
61 159 68 159
61 178 69 178
61 188 69 188
61 199 69 199
61 208 70 208
61 212 68 212
61 213 68 213
61 217 69 217
61 223 68 223
61 224 68 224
61 237 69 237
61 241 70 241
62 0 71 0
62 2 71 2
62 8 71 8
62 9 70 9
62 18 71 18
62 40 70 40
62 49 70 49
62 67 72 67
62 69 69 69
62 71 70 71
62 75 69 75
62 101 69 101
62 129 72 129
62 132 73 132
62 148 72 148
62 152 69 152
62 177 72 177
62 197 72 197
62 206 72 206
62 215 72 215
62 218 71 218
63 3 70 3
63 11 73 11
63 34 73 34
63 61 73 61
63 62 70 62
63 72 72 72
63 85 74 85
63 86 70 86
63 108 74 108
63 114 74 114
63 121 70 121
63 127 70 127
63 145 70 145
63 162 72 162
63 166 72 166
63 174 72 174
63 181 71 181
63 189 73 189
63 216 72 216
63 219 71 219
63 220 72 220
63 227 70 227
63 235 74 235
63 238 70 238
64 41 75 41
64 44 71 44
64 54 73 54
64 66 72 66
64 74 72 74
64 90 74 90
64 94 71 94
64 109 72 109
64 139 71 139
64 175 74 175
64 191 74 191
64 202 71 202
64 211 74 211
64 221 72 221
64 226 73 226
64 243 71 243
65 5 76 5
65 12 72 12
65 25 73 25
65 28 74 28
65 31 72 31
65 35 72 35
65 36 72 36
65 46 76 46
65 47 74 47
65 48 75 48
65 55 74 55
65 70 72 70
65 81 76 81
65 87 75 87
65 93 72 93
65 96 76 96
65 112 73 112
65 180 75 180
65 214 72 214
65 230 75 230
65 242 72 242
65 248 72 248
66 38 73 38
66 42 73 42
66 50 73 50
66 78 74 78
66 89 74 89
66 91 75 91
66 98 74 98
66 107 74 107
66 111 77 111
66 133 76 133
66 147 73 147
66 167 76 167
66 172 74 172
66 184 76 184
66 186 74 186
66 195 74 195
66 232 76 232
66 233 76 233
66 244 73 244
67 17 74 17
67 19 75 19
67 29 78 29
67 37 76 37
67 39 74 39
67 56 76 56
67 79 75 79
67 102 74 102
67 118 75 118
67 122 75 122
67 130 75 130
67 157 75 157
67 161 74 161
67 165 78 165
67 170 78 170
67 194 76 194
67 203 75 203
68 7 77 7
68 14 78 14
68 15 76 15
68 20 75 20
68 26 75 26
68 57 76 57
68 64 78 64
68 68 75 68
68 80 79 80
68 105 79 105
68 106 77 106
68 110 75 110
68 113 78 113
68 124 76 124
68 128 75 128
68 149 75 149
68 151 75 151
68 169 77 169
68 173 78 173
68 187 77 187
68 205 75 205
68 225 77 225
68 231 78 231
68 234 76 234
68 247 77 247
69 1 79 1
69 53 78 53
69 60 80 60
69 82 78 82
69 92 78 92
69 95 78 95
69 116 78 116
69 120 78 120
69 123 76 123
69 136 79 136
69 140 78 140
69 141 80 141
69 143 77 143
69 144 77 144
69 154 79 154
69 159 79 159
69 160 80 160
69 163 77 163
69 168 76 168
69 171 80 171
69 176 76 176
69 179 78 179
69 183 77 183
69 190 77 190
69 192 76 192
69 200 79 200
69 204 76 204
69 207 79 207
69 210 79 210
69 212 76 212
69 213 76 213
69 222 80 222
69 223 79 223
69 224 80 224
69 228 76 228
69 249 78 249
70 16 77 16
70 24 79 24
70 32 80 32
70 51 80 51
70 69 77 69
70 83 78 83
70 97 79 97
70 101 78 101
70 126 80 126
70 137 77 137
70 142 78 142
70 152 78 152
70 158 80 158
70 178 79 178
70 188 81 188
70 193 77 193
70 217 81 217
70 237 79 237
70 245 78 245
71 3 80 3
71 9 78 9
71 21 80 21
71 23 81 23
71 30 82 30
71 40 78 40
71 49 79 49
71 59 79 59
71 62 79 62
71 71 78 71
71 86 78 86
71 100 82 100
71 127 80 127
71 145 79 145
71 153 81 153
71 208 79 208
71 227 80 227
71 229 79 229
71 238 80 238
72 0 83 0
72 4 82 4
72 6 79 6
72 8 80 8
72 18 79 18
72 44 80 44
72 63 83 63
72 94 83 94
72 103 81 103
72 115 79 115
72 139 81 139
72 181 83 181
72 202 80 202
72 218 81 218
72 219 82 219
72 243 79 243
73 10 81 10
73 12 84 12
73 22 81 22
73 31 80 31
73 35 81 35
73 36 81 36
73 66 80 66
73 72 84 72
73 74 82 74
73 84 83 84
73 93 80 93
73 109 82 109
73 125 81 125
73 129 83 129
73 148 83 148
73 162 83 162
73 166 81 166
73 174 83 174
73 177 84 177
73 197 82 197
73 206 80 206
73 214 80 214
73 215 84 215
73 216 80 216
73 220 81 220
73 248 84 248
74 11 81 11
74 25 83 25
74 34 81 34
74 42 81 42
74 43 82 43
74 50 84 50
74 54 81 54
74 58 82 58
74 61 84 61
74 112 81 112
74 132 85 132
74 138 85 138
74 147 82 147
74 150 82 150
74 209 83 209
74 226 84 226
74 244 83 244
75 17 84 17
75 28 84 28
75 39 86 39
75 47 83 47
75 77 83 77
75 78 83 78
75 85 85 85
75 89 82 89
75 90 85 90
75 98 85 98
75 102 82 102
75 107 84 107
75 108 85 108
75 114 82 114
75 134 82 134
75 161 82 161
75 172 86 172
75 175 82 175
75 191 83 191
75 211 86 211
75 235 83 235
76 26 85 26
76 33 85 33
76 41 86 41
76 48 86 48
76 68 83 68
76 79 83 79
76 88 84 88
76 91 85 91
76 110 86 110
76 118 83 118
76 122 87 122
76 128 86 128
76 130 84 130
76 149 83 149
76 151 83 151
76 157 83 157
76 180 86 180
76 198 84 198
76 203 84 203
76 205 87 205
76 239 86 239
77 5 84 5
77 37 85 37
77 56 87 56
77 57 84 57
77 81 85 81
77 96 85 96
77 99 84 99
77 123 84 123
77 124 84 124
77 131 84 131
77 133 84 133
77 167 84 167
77 168 84 168
77 176 85 176
77 184 86 184
77 192 85 192
77 204 84 204
77 212 85 212
77 213 88 213
77 228 85 228
77 232 87 232
77 233 88 233
77 234 85 234
77 236 84 236
78 7 86 7
78 16 87 16
78 69 87 69
78 104 86 104
78 106 85 106
78 111 88 111
78 135 86 135
78 137 86 137
78 143 85 143
78 144 88 144
78 155 87 155
78 163 88 163
78 169 87 169
78 183 86 183
78 187 88 187
78 190 86 190
78 193 86 193
78 225 87 225
78 246 85 246
78 247 86 247
79 9 86 9
79 14 88 14
79 29 88 29
79 40 89 40
79 53 86 53
79 64 88 64
79 71 88 71
79 76 90 76
79 82 89 82
79 83 90 83
79 92 87 92
79 101 87 101
79 116 86 116
79 140 86 140
79 142 88 142
79 152 88 152
79 165 88 165
79 170 86 170
79 173 87 173
79 179 86 179
79 231 86 231
79 245 87 245
79 249 88 249
80 1 91 1
80 6 87 6
80 18 87 18
80 24 88 24
80 27 91 27
80 49 87 49
80 59 88 59
80 62 89 62
80 80 91 80
80 97 91 97
80 105 91 105
80 115 87 115
80 136 87 136
80 145 88 145
80 154 87 154
80 159 90 159
80 164 91 164
80 178 88 178
80 200 90 200
80 207 89 207
80 208 89 208
80 210 87 210
80 223 88 223
80 229 88 229
80 237 88 237
81 8 90 8
81 21 88 21
81 31 88 31
81 44 89 44
81 51 88 51
81 60 90 60
81 66 91 66
81 73 92 73
81 93 89 93
81 119 89 119
81 126 89 126
81 127 92 127
81 141 90 141
81 158 88 158
81 171 90 171
81 202 90 202
81 206 89 206
81 214 92 214
81 216 89 216
81 222 88 222
81 224 89 224
81 227 89 227
81 238 90 238
82 11 91 11
82 22 89 22
82 23 89 23
82 34 91 34
82 35 91 35
82 36 91 36
82 42 90 42
82 54 90 54
82 75 90 75
82 103 92 103
82 112 90 112
82 117 90 117
82 153 91 153
82 166 90 166
82 188 93 188
82 199 89 199
82 217 92 217
82 220 90 220
82 240 91 240
83 4 93 4
83 30 92 30
83 74 94 74
83 89 90 89
83 100 93 100
83 109 90 109
83 114 90 114
83 121 93 121
83 134 92 134
83 147 90 147
83 150 90 150
83 161 94 161
83 175 94 175
83 197 91 197
83 201 91 201
83 219 92 219
83 241 91 241
84 0 92 0
84 2 95 2
84 25 93 25
84 47 93 47
84 63 92 63
84 77 94 77
84 78 92 78
84 79 91 79
84 84 91 84
84 94 92 94
84 118 91 118
84 129 92 129
84 148 95 148
84 149 91 149
84 157 93 157
84 162 92 162
84 174 92 174
84 181 91 181
84 209 91 209
84 235 94 235
84 244 91 244
85 5 92 5
85 17 95 17
85 28 94 28
85 50 92 50
85 61 94 61
85 67 92 67
85 70 92 70
85 72 94 72
85 88 93 88
85 99 96 99
85 107 92 107
85 123 92 123
85 124 96 124
85 130 92 130
85 131 93 131
85 133 92 133
85 168 93 168
85 177 93 177
85 203 92 203
85 221 94 221
85 226 94 226
85 236 94 236
85 242 93 242
86 26 93 26
86 33 95 33
86 37 97 37
86 38 95 38
86 81 95 81
86 85 96 85
86 90 97 90
86 91 94 91
86 96 94 96
86 98 94 98
86 106 96 106
86 108 93 108
86 132 94 132
86 138 97 138
86 143 94 143
86 176 93 176
86 182 93 182
86 189 94 189
86 212 95 212
86 228 94 228
86 234 96 234
86 246 96 246
87 7 95 7
87 9 94 9
87 41 98 41
87 48 95 48
87 53 96 53
87 55 97 55
87 104 97 104
87 116 94 116
87 128 95 128
87 135 97 135
87 137 94 137
87 170 96 170
87 172 96 172
87 180 94 180
87 186 98 186
87 190 95 190
87 193 97 193
87 195 95 195
87 231 97 231
87 239 98 239
87 247 96 247
88 6 97 6
88 16 97 16
88 18 96 18
88 19 95 19
88 20 97 20
88 49 98 49
88 52 96 52
88 56 95 56
88 69 98 69
88 92 95 92
88 115 96 115
88 122 97 122
88 136 99 136
88 154 98 154
88 155 99 155
88 156 96 156
88 169 95 169
88 173 95 173
88 205 95 205
88 210 95 210
88 225 98 225
88 230 96 230
88 232 96 232
88 245 95 245
89 14 99 14
89 15 99 15
89 24 100 24
89 29 96 29
89 31 98 31
89 46 96 46
89 51 96 51
89 59 96 59
89 71 96 71
89 142 97 142
89 144 97 144
89 145 98 145
89 152 99 152
89 158 97 158
89 163 96 163
89 178 96 178
89 185 100 185
89 187 100 187
89 194 98 194
89 213 97 213
89 222 97 222
89 223 96 223
89 229 97 229
89 233 96 233
89 237 97 237
89 249 98 249
90 23 99 23
90 40 98 40
90 62 100 62
90 82 98 82
90 93 97 93
90 119 101 119
90 199 101 199
90 206 98 206
90 207 101 207
90 208 97 208
90 216 100 216
90 227 99 227
91 8 98 8
91 42 99 42
91 54 98 54
91 60 100 60
91 75 100 75
91 76 100 76
91 83 99 83
91 86 100 86
91 89 98 89
91 95 100 95
91 109 98 109
91 112 98 112
91 117 101 117
91 141 98 141
91 147 101 147
91 159 99 159
91 166 102 166
91 171 102 171
91 200 99 200
91 202 100 202
91 238 99 238
92 1 100 1
92 11 100 11
92 27 99 27
92 34 103 34
92 35 99 35
92 36 100 36
92 45 100 45
92 65 102 65
92 66 100 66
92 79 102 79
92 80 102 80
92 84 99 84
92 97 99 97
92 105 100 105
92 118 100 118
92 149 101 149
92 153 100 153
92 164 99 164
92 181 99 181
92 196 102 196
92 197 101 197
92 209 101 209
92 240 102 240
92 241 103 241
92 243 102 243
92 244 100 244
93 3 101 3
93 5 101 5
93 30 100 30
93 32 100 32
93 50 101 50
93 63 101 63
93 67 104 67
93 70 103 70
93 73 101 73
93 78 100 78
93 103 100 103
93 107 101 107
93 123 102 123
93 127 100 127
93 130 101 130
93 134 102 134
93 160 102 160
93 162 101 162
93 174 102 174
93 203 104 203
93 214 102 214
93 217 100 217
93 219 101 219
94 4 103 4
94 10 101 10
94 13 105 13
94 25 105 25
94 26 103 26
94 100 103 100
94 108 104 108
94 125 102 125
94 131 102 131
94 139 101 139
94 157 105 157
94 168 101 168
94 176 104 176
94 177 102 177
94 182 104 182
94 188 104 188
94 218 102 218
94 242 105 242
95 9 102 9
95 43 104 43
95 58 105 58
95 61 104 61
95 72 104 72
95 74 102 74
95 77 102 77
95 91 104 91
95 96 106 96
95 98 103 98
95 102 104 102
95 116 105 116
95 137 102 137
95 143 103 143
95 146 103 146
95 161 104 161
95 175 103 175
95 189 102 189
95 221 106 221
95 226 105 226
95 228 103 228
95 235 104 235
95 236 102 236
96 2 107 2
96 7 105 7
96 17 103 17
96 19 105 19
96 33 104 33
96 48 103 48
96 56 104 56
96 68 106 68
96 92 104 92
96 151 103 151
96 169 107 169
96 190 104 190
96 191 103 191
96 195 105 195
96 205 106 205
96 212 104 212
96 245 106 245
97 12 106 12
97 29 106 29
97 46 106 46
97 51 105 51
97 52 105 52
97 53 104 53
97 59 107 59
97 71 108 71
97 85 104 85
97 115 104 115
97 124 108 124
97 170 105 170
97 172 105 172
97 178 104 178
97 198 108 198
97 204 106 204
97 215 105 215
97 230 104 230
97 232 104 232
97 233 106 233
97 234 104 234
97 247 106 247
97 248 108 248
98 6 107 6
98 20 107 20
98 37 108 37
98 93 107 93
98 104 105 104
98 122 106 122
98 135 105 135
98 138 106 138
98 142 105 142
98 144 107 144
98 158 107 158
98 192 108 192
98 193 106 193
98 208 105 208
98 231 105 231
99 8 107 8
99 31 106 31
99 39 109 39
99 40 110 40
99 41 107 41
99 49 106 49
99 54 109 54
99 69 108 69
99 82 107 82
99 89 108 89
99 109 109 109
99 110 106 110
99 112 110 112
99 140 109 140
99 141 106 141
99 145 108 145
99 154 106 154
99 179 107 179
99 183 109 183
99 184 108 184
99 186 108 186
99 194 108 194
99 206 108 206
99 211 106 211
99 225 106 225
99 239 107 239
100 14 107 14
100 15 107 15
100 23 108 23
100 27 107 27
100 35 107 35
100 42 111 42
100 83 110 83
100 84 110 84
100 87 108 87
100 97 107 97
100 101 107 101
100 136 110 136
100 152 110 152
100 164 107 164
100 181 111 181
100 200 109 200
100 227 108 227
101 1 109 1
101 21 112 21
101 24 110 24
101 30 108 30
101 32 110 32
101 36 108 36
101 45 109 45
101 60 112 60
101 62 111 62
101 66 110 66
101 75 111 75
101 78 108 78
101 86 109 86
101 103 109 103
101 105 108 105
101 111 110 111
101 127 110 127
101 153 111 153
101 165 109 165
101 185 108 185
101 187 109 187
101 202 109 202
101 244 110 244
102 3 112 3
102 5 109 5
102 22 109 22
102 44 111 44
102 50 111 50
102 63 113 63
102 73 110 73
102 107 109 107
102 117 112 117
102 119 111 119
102 126 109 126
102 130 110 130
102 147 109 147
102 149 109 149
102 162 112 162
102 168 111 168
102 197 111 197
102 199 111 199
102 207 109 207
102 209 109 209
102 224 109 224
103 9 110 9
103 65 113 65
103 74 112 74
103 77 111 77
103 79 110 79
103 80 112 80
103 113 113 113
103 114 112 114
103 120 110 120
103 123 112 123
103 125 110 125
103 131 111 131
103 134 112 134
103 137 111 137
103 150 113 150
103 166 112 166
103 171 111 171
103 174 110 174
103 177 111 177
103 189 111 189
103 196 110 196
103 218 112 218
103 220 111 220
103 236 110 236
103 240 110 240
103 243 110 243
104 4 111 4
104 17 112 17
104 26 112 26
104 34 111 34
104 48 111 48
104 100 114 100
104 143 115 143
104 146 112 146
104 151 112 151
104 191 111 191
104 201 111 201
104 228 111 228
104 241 111 241
105 0 112 0
105 33 112 33
105 43 112 43
105 53 112 53
105 56 113 56
105 72 112 72
105 85 114 85
105 91 112 91
105 92 113 92
105 94 115 94
105 102 114 102
105 108 116 108
105 115 112 115
105 129 114 129
105 133 114 133
105 161 112 161
105 176 112 176
105 182 112 182
105 188 114 188
105 203 112 203
105 212 113 212
105 230 115 230
105 235 115 235
106 7 114 7
106 13 113 13
106 19 113 19
106 25 116 25
106 47 115 47
106 51 117 51
106 52 113 52
106 58 114 58
106 88 117 88
106 104 117 104
106 116 114 116
106 121 115 121
106 135 116 135
106 142 113 142
106 157 113 157
106 170 114 170
106 172 116 172
106 195 115 195
106 208 116 208
106 215 113 215
106 226 113 226
106 231 115 231
106 242 113 242
107 28 115 28
107 31 114 31
107 46 115 46
107 68 117 68
107 96 116 96
107 110 117 110
107 122 114 122
107 132 115 132
107 138 115 138
107 141 114 141
107 154 115 154
107 180 115 180
107 193 114 193
107 204 114 204
107 205 115 205
107 211 114 211
107 221 115 221
107 225 114 225
107 233 114 233
107 245 115 245
107 247 116 247
108 2 116 2
108 6 115 6
108 14 117 14
108 15 118 15
108 27 117 27
108 35 117 35
108 41 116 41
108 59 116 59
108 81 115 81
108 82 116 82
108 97 119 97
108 101 117 101
108 128 119 128
108 144 117 144
108 158 117 158
108 169 118 169
108 173 116 173
108 179 119 179
108 210 118 210
108 239 118 239
109 18 117 18
109 23 117 23
109 30 118 30
109 36 120 36
109 37 116 37
109 69 117 69
109 71 116 71
109 87 116 87
109 89 117 89
109 99 118 99
109 105 117 105
109 106 118 106
109 124 116 124
109 156 116 156
109 163 116 163
109 167 117 167
109 184 118 184
109 185 116 185
109 186 117 186
109 192 119 192
109 198 118 198
109 206 117 206
109 223 118 223
109 227 117 227
109 246 118 246
109 248 117 248
110 1 117 1
110 5 117 5
110 22 117 22
110 39 117 39
110 45 118 45
110 54 119 54
110 55 121 55
110 86 117 86
110 103 120 103
110 107 118 107
110 140 119 140
110 147 118 147
110 149 117 149
110 165 118 165
110 183 117 183
110 187 118 187
110 200 117 200
110 202 117 202
110 207 118 207
110 209 118 209
110 213 119 213
110 222 118 222
110 224 121 224
110 229 120 229
110 237 118 237
111 9 122 9
111 24 120 24
111 32 118 32
111 40 121 40
111 66 120 66
111 83 118 83
111 84 118 84
111 111 119 111
111 112 119 112
111 120 122 120
111 125 120 125
111 127 119 127
111 130 118 130
111 136 119 136
111 152 118 152
111 174 118 174
111 196 120 196
111 236 118 236
111 240 119 240
111 243 119 243
111 244 119 244
111 249 119 249
112 4 119 4
112 34 119 34
112 42 120 42
112 44 119 44
112 48 122 48
112 50 120 50
112 62 123 62
112 75 120 75
112 77 119 77
112 119 119 119
112 131 120 131
112 137 122 137
112 153 122 153
112 155 122 155
112 159 119 159
112 168 122 168
112 171 120 171
112 189 121 189
112 191 119 191
112 197 119 197
112 199 122 199
112 201 120 201
112 220 121 220
112 228 121 228
112 238 120 238
112 241 121 241
113 0 120 0
113 3 120 3
113 11 121 11
113 17 121 17
113 21 121 21
113 26 120 26
113 33 120 33
113 43 123 43
113 53 123 53
113 72 120 72
113 76 120 76
113 80 124 80
113 95 121 95
113 114 122 114
113 115 120 115
113 117 122 117
113 118 122 118
113 123 120 123
113 134 122 134
113 146 120 146
113 151 122 151
113 161 120 161
113 162 121 162
113 166 120 166
113 176 121 176
113 182 124 182
113 203 121 203
113 216 123 216
113 217 123 217
113 218 122 218
114 10 121 10
114 13 121 13
114 19 122 19
114 52 121 52
114 56 122 56
114 63 125 63
114 65 124 65
114 92 123 92
114 113 123 113
114 139 125 139
114 150 125 150
114 157 122 157
114 212 121 212
114 219 123 219
114 226 121 226
114 242 121 242
115 7 124 7
115 58 124 58
115 85 125 85
115 100 122 100
115 102 126 102
115 116 126 116
115 129 123 129
115 133 123 133
115 141 125 141
115 160 122 160
115 170 126 170
115 188 125 188
115 193 123 193
115 204 125 204
115 211 122 211
115 214 123 214
115 225 126 225
115 233 122 233
116 6 127 6
116 28 127 28
116 46 125 46
116 47 124 47
116 81 125 81
116 94 123 94
116 98 124 98
116 132 123 132
116 138 123 138
116 143 125 143
116 154 127 154
116 175 126 175
116 180 124 180
116 195 127 195
116 205 123 205
116 221 123 221
116 230 125 230
116 231 123 231
116 235 123 235
116 245 123 245
117 2 124 2
117 25 124 25
117 37 125 37
117 41 127 41
117 61 124 61
117 67 124 67
117 82 128 82
117 87 125 87
117 96 125 96
117 108 125 108
117 124 124 124
117 135 124 135
117 156 126 156
117 163 124 163
117 172 125 172
117 173 126 173
117 178 125 178
117 185 124 185
117 190 124 190
117 208 125 208
117 232 125 232
117 234 125 234
117 247 125 247
118 5 126 5
118 14 128 14
118 18 125 18
118 27 126 27
118 35 127 35
118 39 126 39
118 51 127 51
118 68 126 68
118 69 129 69
118 86 128 86
118 88 126 88
118 89 128 89
118 101 125 101
118 104 125 104
118 110 126 110
118 144 125 144
118 149 127 149
118 158 126 158
118 167 126 167
118 183 126 183
118 186 129 186
118 200 126 200
118 206 127 206
118 227 125 227
118 248 128 248
119 15 128 15
119 29 126 29
119 30 129 30
119 45 127 45
119 49 126 49
119 83 126 83
119 84 127 84
119 99 128 99
119 106 126 106
119 107 129 107
119 130 128 130
119 147 126 147
119 152 128 152
119 165 128 165
119 174 128 174
119 187 127 187
119 198 126 198
119 207 128 207
119 209 129 209
119 210 126 210
119 222 126 222
119 223 127 223
119 236 130 236
119 237 129 237
119 239 127 239
120 4 130 4
120 8 128 8
120 20 127 20
120 34 129 34
120 38 128 38
120 44 127 44
120 93 131 93
120 97 128 97
120 111 131 111
120 112 128 112
120 119 127 119
120 127 129 127
120 136 127 136
120 140 127 140
120 148 127 148
120 159 128 159
120 164 129 164
120 179 129 179
120 191 128 191
120 192 131 192
120 213 128 213
120 243 130 243
120 244 127 244
120 249 127 249
121 0 128 0
121 3 128 3
121 24 131 24
121 26 131 26
121 42 130 42
121 50 128 50
121 57 130 57
121 66 129 66
121 72 130 72
121 75 128 75
121 76 129 76
121 103 132 103
121 115 130 115
121 123 128 123
121 125 130 125
121 131 129 131
121 145 129 145
121 146 131 146
121 161 129 161
121 171 128 171
121 196 132 196
121 201 128 201
121 229 131 229
121 238 130 238
122 10 132 10
122 11 129 11
122 13 132 13
122 16 131 16
122 21 131 21
122 40 130 40
122 52 129 52
122 55 129 55
122 90 133 90
122 95 130 95
122 126 129 126
122 162 130 162
122 176 131 176
122 189 129 189
122 203 130 203
122 212 129 212
122 220 130 220
122 224 129 224
122 226 130 226
122 228 132 228
122 241 132 241
122 242 129 242
123 9 130 9
123 48 133 48
123 56 132 56
123 73 134 73
123 79 130 79
123 100 130 100
123 114 131 114
123 117 132 117
123 118 130 118
123 120 130 120
123 134 130 134
123 137 132 137
123 151 134 151
123 155 131 155
123 157 132 157
123 160 130 160
123 168 130 168
123 199 131 199
123 211 131 211
123 218 130 218
123 233 131 233
124 43 131 43
124 53 134 53
124 62 132 62
124 92 131 92
124 94 133 94
124 113 131 113
124 129 131 129
124 132 133 132
124 133 133 133
124 138 132 138
124 177 133 177
124 181 131 181
124 193 131 193
124 205 134 205
124 214 131 214
124 216 132 216
124 217 131 217
124 219 133 219
124 221 131 221
124 231 135 231
124 235 131 235
124 245 134 245
125 2 132 2
125 7 133 7
125 25 135 25
125 47 133 47
125 58 134 58
125 60 132 60
125 61 135 61
125 64 136 64
125 65 135 65
125 67 133 67
125 74 135 74
125 80 133 80
125 91 134 91
125 98 132 98
125 124 135 124
125 135 134 135
125 180 134 180
125 182 135 182
125 185 135 185
125 190 136 190
126 18 134 18
126 37 135 37
126 46 134 46
126 63 135 63
126 85 133 85
126 87 135 87
126 96 134 96
126 101 136 101
126 104 135 104
126 108 133 108
126 139 133 139
126 141 134 141
126 142 134 142
126 143 135 143
126 150 135 150
126 172 137 172
126 178 134 178
126 204 136 204
126 208 136 208
126 215 133 215
126 227 135 227
126 230 137 230
126 234 133 234
126 247 135 247
127 5 134 5
127 27 136 27
127 29 135 29
127 31 135 31
127 39 136 39
127 49 134 49
127 83 134 83
127 88 136 88
127 102 136 102
127 106 134 106
127 116 137 116
127 122 137 122
127 147 136 147
127 156 136 156
127 158 136 158
127 167 134 167
127 170 137 170
127 173 134 173
127 175 136 175
127 183 134 183
127 198 137 198
127 200 135 200
127 210 134 210
127 225 134 225
128 20 138 20
128 28 137 28
128 35 138 35
128 41 137 41
128 44 139 44
128 45 139 45
128 51 135 51
128 70 136 70
128 84 135 84
128 119 136 119
128 121 136 121
128 136 136 136
128 140 135 140
128 148 135 148
128 149 137 149
128 154 136 154
128 187 135 187
128 195 137 195
128 206 138 206
128 223 135 223
128 239 135 239
128 249 139 249
129 0 138 0
129 3 136 3
129 8 139 8
129 14 136 14
129 15 139 15
129 38 137 38
129 50 140 50
129 59 138 59
129 71 136 71
129 75 136 75
129 82 137 82
129 86 136 86
129 89 139 89
129 97 136 97
129 99 139 99
129 112 140 112
129 130 137 130
129 152 140 152
129 159 136 159
129 165 140 165
129 171 137 171
129 191 138 191
129 201 136 201
129 207 137 207
129 213 137 213
130 1 141 1
130 11 137 11
130 22 138 22
130 23 137 23
130 34 139 34
130 52 138 52
130 55 139 55
130 66 141 66
130 69 138 69
130 76 138 76
130 105 138 105
130 107 139 107
130 126 137 126
130 131 140 131
130 145 139 145
130 161 137 161
130 164 140 164
130 179 138 179
130 186 138 186
130 189 138 189
130 202 137 202
130 209 139 209
130 212 137 212
130 224 139 224
131 4 138 4
131 9 139 9
131 32 141 32
131 40 142 40
131 42 141 42
131 57 140 57
131 72 139 72
131 79 140 79
131 95 138 95
131 100 139 100
131 118 140 118
131 125 139 125
131 160 140 160
131 162 140 162
131 168 138 168
131 169 138 169
131 184 140 184
131 203 142 203
131 218 138 218
131 220 138 220
131 226 139 226
131 236 138 236
131 238 138 238
131 243 141 243
131 246 138 246
132 16 139 16
132 21 142 21
132 24 143 24
132 26 143 26
132 54 141 54
132 92 140 92
132 113 140 113
132 114 141 114
132 128 139 128
132 129 143 129
132 146 139 146
132 155 140 155
132 176 141 176
132 181 140 181
132 192 140 192
132 197 140 197
132 199 141 199
132 211 139 211
132 214 141 214
132 217 140 217
132 221 139 221
132 229 139 229
132 235 141 235
132 240 141 240
133 2 141 2
133 10 141 10
133 13 142 13
133 36 142 36
133 56 141 56
133 60 140 60
133 62 143 62
133 78 143 78
133 98 143 98
133 103 140 103
133 117 142 117
133 137 140 137
133 138 142 138
133 157 141 157
133 166 141 166
133 194 142 194
133 196 140 196
133 216 141 216
133 228 140 228
133 241 142 241
134 7 141 7
134 17 144 17
134 48 142 48
134 67 143 67
134 80 142 80
134 85 142 85
134 90 145 90
134 94 145 94
134 108 141 108
134 109 145 109
134 132 142 132
134 133 141 133
134 139 141 139
134 215 143 215
134 219 143 219
134 234 142 234
135 5 142 5
135 18 143 18
135 19 142 19
135 46 142 46
135 49 143 49
135 58 143 58
135 73 143 73
135 83 145 83
135 96 146 96
135 106 143 106
135 135 143 135
135 141 143 141
135 151 144 151
135 153 146 153
135 167 142 167
135 173 145 173
135 178 144 178
135 180 142 180
135 183 142 183
135 205 146 205
135 210 143 210
135 225 142 225
136 25 146 25
136 29 145 29
136 31 143 31
136 37 145 37
136 51 143 51
136 61 147 61
136 63 146 63
136 65 143 65
136 74 143 74
136 104 145 104
136 124 147 124
136 140 143 140
136 143 145 143
136 148 146 148
136 182 144 182
136 187 145 187
136 200 143 200
136 227 143 227
136 239 144 239
136 247 144 247
137 3 147 3
137 14 146 14
137 27 148 27
137 39 148 39
137 64 144 64
137 70 144 70
137 75 145 75
137 86 145 86
137 88 146 88
137 97 146 97
137 101 144 101
137 102 144 102
137 119 147 119
137 121 146 121
137 136 147 136
137 147 144 147
137 154 144 154
137 158 145 158
137 159 145 159
137 163 146 163
137 175 144 175
137 190 146 190
137 201 145 201
137 204 144 204
137 208 144 208
138 11 146 11
138 23 148 23
138 38 147 38
138 41 146 41
138 82 147 82
138 116 147 116
138 122 146 122
138 130 149 130
138 144 149 144
138 149 147 149
138 161 146 161
138 170 145 170
138 171 146 171
138 172 148 172
138 188 145 188
138 195 148 195
138 198 145 198
138 202 145 202
138 212 146 212
138 213 146 213
138 230 145 230
138 232 147 232
139 0 148 0
139 4 147 4
139 22 148 22
139 52 147 52
139 59 146 59
139 68 148 68
139 69 147 69
139 95 146 95
139 105 147 105
139 168 149 168
139 179 146 179
139 186 147 186
139 189 149 189
139 191 146 191
139 206 147 206
139 218 147 218
139 220 147 220
139 222 148 222
139 236 148 236
139 246 146 246
140 6 147 6
140 8 150 8
140 9 148 9
140 15 147 15
140 16 147 16
140 34 150 34
140 44 150 44
140 45 148 45
140 72 148 72
140 89 148 89
140 99 148 99
140 100 148 100
140 107 147 107
140 125 151 125
140 145 151 145
140 146 151 146
140 209 151 209
140 211 150 211
140 221 149 221
140 224 149 224
140 229 149 229
140 249 147 249
141 57 148 57
141 60 152 60
141 79 148 79
141 92 150 92
141 103 150 103
141 112 150 112
141 113 149 113
141 118 150 118
141 131 151 131
141 137 148 137
141 152 149 152
141 160 149 160
141 165 148 165
141 184 149 184
141 192 148 192
141 196 149 196
141 217 150 217
141 228 149 228
141 248 148 248
142 1 152 1
142 7 151 7
142 10 150 10
142 30 151 30
142 32 152 32
142 42 150 42
142 54 149 54
142 56 149 56
142 66 149 66
142 108 152 108
142 114 149 114
142 127 153 127
142 133 149 133
142 139 151 139
142 157 151 157
142 166 152 166
142 176 149 176
142 214 149 214
142 216 152 216
142 235 152 235
142 237 149 237
143 12 151 12
143 13 150 13
143 19 154 19
143 21 154 21
143 36 152 36
143 40 151 40
143 48 150 48
143 80 150 80
143 85 151 85
143 115 152 115
143 117 152 117
143 120 151 120
143 132 153 132
143 134 154 134
143 138 151 138
143 167 150 167
143 180 153 180
143 183 150 183
143 194 150 194
143 203 153 203
143 225 150 225
143 234 151 234
143 241 152 241
144 18 154 18
144 24 153 24
144 26 151 26
144 31 152 31
144 43 151 43
144 58 152 58
144 62 152 62
144 65 152 65
144 67 155 67
144 73 154 73
144 74 153 74
144 77 151 77
144 78 154 78
144 98 154 98
144 106 151 106
144 111 152 111
144 129 155 129
144 135 153 135
144 140 151 140
144 141 152 141
144 193 153 193
144 200 151 200
144 210 154 210
144 215 151 215
144 219 155 219
144 227 153 227
144 233 155 233
145 17 153 17
145 33 154 33
145 64 155 64
145 70 152 70
145 101 152 101
145 102 154 102
145 147 153 147
145 151 152 151
145 175 155 175
145 178 153 178
145 182 152 182
145 204 156 204
145 208 152 208
145 247 155 247
146 29 154 29
146 37 155 37
146 47 154 47
146 75 157 75
146 83 153 83
146 86 156 86
146 94 155 94
146 104 154 104
146 109 156 109
146 143 153 143
146 158 157 158
146 159 156 159
146 173 156 173
146 187 154 187
146 188 153 188
146 198 155 198
146 201 154 201
146 202 153 202
146 230 156 230
147 11 155 11
147 14 155 14
147 25 154 25
147 53 155 53
147 59 155 59
147 63 154 63
147 88 155 88
147 91 156 91
147 95 154 95
147 97 154 97
147 121 154 121
147 122 157 122
147 142 155 142
147 148 154 148
147 153 158 153
147 161 154 161
147 163 154 163
147 171 154 171
147 179 158 179
147 191 156 191
147 212 157 212
147 245 155 245
147 246 155 246
148 3 156 3
148 4 155 4
148 6 155 6
148 15 155 15
148 16 155 16
148 38 155 38
148 52 156 52
148 69 158 69
148 82 156 82
148 84 159 84
148 87 155 87
148 107 156 107
148 116 155 116
148 119 156 119
148 124 157 124
148 136 155 136
148 149 159 149
148 150 155 150
148 185 157 185
148 206 156 206
148 218 155 218
148 220 157 220
148 231 159 231
148 232 155 232
148 249 159 249
149 0 156 0
149 9 157 9
149 22 157 22
149 23 157 23
149 27 158 27
149 39 156 39
149 45 157 45
149 57 156 57
149 68 157 68
149 71 159 71
149 72 156 72
149 79 157 79
149 89 160 89
149 99 159 99
149 100 156 100
149 137 157 137
149 156 160 156
149 165 159 165
149 172 157 172
149 192 158 192
149 195 157 195
149 222 156 222
149 248 156 248
150 28 157 28
150 66 161 66
150 81 157 81
150 113 157 113
150 126 158 126
150 130 157 130
150 133 158 133
150 144 160 144
150 152 157 152
150 160 158 160
150 168 157 168
150 176 157 176
150 184 161 184
150 189 157 189
150 196 157 196
150 207 161 207
150 214 159 214
150 221 161 221
150 224 158 224
150 228 157 228
150 229 158 229
150 237 161 237
151 8 161 8
151 10 162 10
151 13 158 13
151 20 159 20
151 34 159 34
151 35 159 35
151 42 159 42
151 44 159 44
151 48 162 48
151 76 158 76
151 80 158 80
151 92 161 92
151 103 159 103
151 110 159 110
151 112 161 112
151 118 158 118
151 167 158 167
151 169 159 169
151 183 159 183
151 194 158 194
151 211 160 211
151 217 162 217
151 225 159 225
151 238 158 238
152 7 159 7
152 12 160 12
152 26 160 26
152 30 159 30
152 43 160 43
152 55 159 55
152 85 159 85
152 106 163 106
152 125 160 125
152 128 159 128
152 131 163 131
152 138 159 138
152 139 160 139
152 140 163 140
152 146 160 146
152 157 160 157
152 200 160 200
152 209 159 209
152 215 159 215
152 226 160 226
152 234 161 234
152 244 161 244
153 1 160 1
153 31 160 31
153 32 164 32
153 36 160 36
153 50 162 50
153 58 164 58
153 60 163 60
153 62 160 62
153 65 162 65
153 70 160 70
153 101 160 101
153 108 161 108
153 111 161 111
153 115 162 115
153 117 160 117
153 123 160 123
153 151 160 151
153 155 164 155
153 162 160 162
153 166 160 166
153 174 164 174
153 181 163 181
153 182 161 182
153 197 161 197
153 208 160 208
153 216 161 216
153 235 160 235
153 241 162 241
154 17 161 17
154 24 164 24
154 74 162 74
154 83 162 83
154 127 161 127
154 132 163 132
154 135 164 135
154 143 161 143
154 147 162 147
154 178 161 178
154 180 161 180
154 188 161 188
154 199 161 199
154 202 161 202
154 203 163 203
154 227 163 227
154 240 161 240
154 242 164 242
154 243 165 243
155 5 164 5
155 18 166 18
155 19 163 19
155 21 165 21
155 25 163 25
155 29 166 29
155 46 163 46
155 47 163 47
155 63 163 63
155 73 163 73
155 95 164 95
155 97 163 97
155 98 162 98
155 102 163 102
155 104 163 104
155 121 166 121
155 134 162 134
155 148 163 148
155 161 162 161
155 163 162 163
155 171 165 171
155 187 164 187
155 210 164 210
156 4 164 4
156 6 163 6
156 11 164 11
156 14 163 14
156 15 167 15
156 16 167 16
156 38 163 38
156 49 164 49
156 51 166 51
156 53 165 53
156 59 163 59
156 64 163 64
156 67 164 67
156 87 165 87
156 88 164 88
156 93 163 93
156 94 163 94
156 116 164 116
156 129 164 129
156 136 163 136
156 142 163 142
156 150 165 150
156 175 164 175
156 218 163 218
156 219 163 219
156 232 165 232
156 233 164 233
156 245 165 245
156 246 163 246
156 247 167 247
157 3 167 3
157 39 164 39
157 52 166 52
157 57 164 57
157 72 165 72
157 82 168 82
157 86 166 86
157 91 168 91
157 100 164 100
157 107 164 107
157 109 167 109
157 119 164 119
157 154 166 154
157 159 165 159
157 173 165 173
157 191 165 191
157 204 166 204
157 206 166 206
157 222 164 222
157 230 164 230
157 248 167 248
158 9 167 9
158 22 165 22
158 23 165 23
158 45 166 45
158 68 165 68
158 75 166 75
158 79 165 79
158 81 165 81
158 113 167 113
158 122 168 122
158 124 165 124
158 130 165 130
158 137 167 137
158 152 166 152
158 168 167 168
158 170 165 170
158 172 165 172
158 176 167 176
158 177 166 177
158 185 165 185
158 189 165 189
158 195 166 195
158 196 165 196
158 220 165 220
158 228 168 228
159 13 168 13
159 27 166 27
159 69 167 69
159 76 170 76
159 80 166 80
159 96 166 96
159 118 168 118
159 126 167 126
159 133 166 133
159 153 169 153
159 160 166 160
159 167 168 167
159 179 166 179
159 190 166 190
159 192 166 192
159 194 168 194
159 205 167 205
159 213 166 213
159 224 170 224
159 229 167 229
159 238 168 238
160 7 168 7
160 30 167 30
160 34 167 34
160 35 171 35
160 42 171 42
160 44 167 44
160 55 169 55
160 61 170 61
160 71 168 71
160 84 170 84
160 85 167 85
160 99 168 99
160 103 168 103
160 105 170 105
160 110 169 110
160 128 168 128
160 138 171 138
160 165 167 165
160 169 167 169
160 183 168 183
160 186 170 186
160 214 167 214
160 215 167 215
160 223 169 223
160 225 171 225
160 231 168 231
160 249 167 249
161 1 170 1
161 12 169 12
161 26 170 26
161 31 172 31
161 36 169 36
161 62 168 62
161 89 169 89
161 101 172 101
161 117 168 117
161 139 171 139
161 144 169 144
161 146 168 146
161 151 168 151
161 156 172 156
161 157 170 157
161 162 168 162
161 166 168 166
161 200 172 200
161 211 170 211
161 226 172 226
161 235 168 235
161 236 169 236
162 8 169 8
162 54 169 54
162 56 171 56
162 66 169 66
162 92 171 92
162 108 171 108
162 111 173 111
162 112 171 112
162 114 170 114
162 127 170 127
162 143 169 143
162 178 169 178
162 182 170 182
162 188 172 188
162 197 172 197
162 199 169 199
162 202 169 202
162 207 169 207
162 216 172 216
162 221 170 221
162 234 172 234
162 237 172 237
162 240 171 240
162 244 169 244
163 48 173 48
163 50 170 50
163 74 171 74
163 98 174 98
163 115 172 115
163 134 171 134
163 147 172 147
163 161 172 161
163 217 170 217
163 241 172 241
164 19 173 19
164 25 174 25
164 38 171 38
164 40 172 40
164 46 173 46
164 47 171 47
164 59 175 59
164 60 173 60
164 63 171 63
164 64 172 64
164 73 171 73
164 77 171 77
164 93 172 93
164 94 174 94
164 97 172 97
164 102 173 102
164 104 171 104
164 106 175 106
164 120 171 120
164 131 174 131
164 132 172 132
164 142 171 142
164 145 174 145
164 148 172 148
164 181 175 181
164 203 171 203
164 218 175 218
164 219 171 219
164 227 171 227
164 246 171 246
165 4 173 4
165 11 176 11
165 49 175 49
165 57 174 57
165 58 173 58
165 88 173 88
165 95 172 95
165 100 176 100
165 107 172 107
165 116 174 116
165 119 176 119
165 135 172 135
165 141 174 141
165 155 172 155
165 164 172 164
165 174 173 174
165 175 172 175
165 187 172 187
165 210 172 210
165 222 173 222
165 230 172 230
165 233 176 233
165 242 172 242
166 21 174 21
166 22 173 22
166 23 177 23
166 53 173 53
166 68 177 68
166 72 173 72
166 79 173 79
166 81 174 81
166 87 174 87
166 130 174 130
166 150 175 150
166 171 174 171
166 185 174 185
166 189 175 189
166 191 173 191
166 193 173 193
166 220 173 220
166 232 174 232
166 243 173 243
166 245 176 245
167 18 175 18
167 27 175 27
167 29 175 29
167 51 177 51
167 52 177 52
167 75 178 75
167 78 174 78
167 80 174 80
167 86 177 86
167 96 174 96
167 121 178 121
167 152 177 152
167 177 175 177
167 179 175 179
167 190 174 190
167 195 177 195
167 201 176 201
167 204 175 204
167 206 177 206
167 213 174 213
168 3 175 3
168 9 176 9
168 15 176 15
168 16 179 16
168 30 175 30
168 34 175 34
168 37 175 37
168 44 178 44
168 69 177 69
168 85 176 85
168 113 176 113
168 126 175 126
168 137 175 137
168 165 176 165
168 168 178 168
168 176 175 176
168 198 179 198
168 205 176 205
168 214 177 214
168 215 175 215
168 229 175 229
168 248 177 248
168 249 178 249
169 0 179 0
169 7 177 7
169 13 177 13
169 62 177 62
169 71 176 71
169 82 179 82
169 91 176 91
169 99 177 99
169 103 176 103
169 117 180 117
169 118 176 118
169 128 176 128
169 146 177 146
169 151 176 151
169 162 176 162
169 166 178 166
169 167 178 167
169 183 177 183
169 194 179 194
169 228 176 228
169 231 177 231
169 235 177 235
169 238 176 238
169 239 179 239
170 8 177 8
170 12 177 12
170 28 181 28
170 36 180 36
170 54 177 54
170 55 177 55
170 66 179 66
170 89 179 89
170 90 179 90
170 144 180 144
170 158 178 158
170 178 181 178
170 199 178 199
170 202 177 202
170 212 179 212
170 223 177 223
170 236 177 236
170 244 177 244
171 1 179 1
171 41 180 41
171 50 179 50
171 61 178 61
171 76 179 76
171 105 182 105
171 114 179 114
171 127 180 127
171 157 178 157
171 182 178 182
171 186 178 186
171 211 179 211
171 217 180 217
171 221 178 221
171 224 180 224
172 20 182 20
172 35 179 35
172 38 182 38
172 42 179 42
172 47 182 47
172 56 180 56
172 63 180 63
172 73 180 73
172 74 180 74
172 92 179 92
172 104 180 104
172 108 183 108
172 120 182 120
172 134 182 134
172 138 180 138
172 139 179 139
172 142 182 142
172 149 179 149
172 209 181 209
172 219 180 219
172 240 179 240
172 246 181 246
173 31 182 31
173 40 180 40
173 43 181 43
173 64 180 64
173 70 184 70
173 93 184 93
173 95 180 95
173 97 180 97
173 101 180 101
173 115 180 115
173 123 183 123
173 125 182 125
173 135 180 135
173 147 180 147
173 148 183 148
173 155 182 155
173 156 182 156
173 164 180 164
173 187 182 187
173 188 184 188
173 200 180 200
173 208 182 208
173 216 180 216
173 226 183 226
173 230 180 230
173 234 180 234
173 237 184 237
174 4 181 4
174 19 182 19
174 46 184 46
174 53 183 53
174 58 182 58
174 60 181 60
174 79 185 79
174 88 183 88
174 102 184 102
174 111 182 111
174 174 183 174
174 180 181 180
174 191 183 191
174 193 183 193
174 220 181 220
174 222 184 222
174 243 183 243
175 10 185 10
175 21 182 21
175 57 184 57
175 65 182 65
175 78 185 78
175 80 183 80
175 81 183 81
175 83 183 83
175 94 186 94
175 96 182 96
175 98 184 98
175 116 182 116
175 130 182 130
175 131 183 131
175 141 185 141
175 145 183 145
175 163 183 163
175 171 182 171
175 185 185 185
175 190 184 190
175 213 183 213
175 232 184 232
176 3 184 3
176 6 184 6
176 14 185 14
176 18 183 18
176 27 183 27
176 30 183 30
176 34 186 34
176 59 185 59
176 106 184 106
176 126 183 126
176 136 183 136
176 137 187 137
176 150 185 150
176 176 183 176
176 177 186 177
176 179 183 179
176 181 183 181
176 189 185 189
176 204 184 204
176 215 184 215
176 218 186 218
176 229 184 229
177 5 185 5
177 9 187 9
177 11 184 11
177 15 184 15
177 32 188 32
177 39 185 39
177 71 185 71
177 85 186 85
177 91 186 91
177 100 185 100
177 103 186 103
177 113 184 113
177 118 184 118
177 119 186 119
177 128 185 128
177 129 185 129
177 151 184 151
177 162 184 162
177 165 184 165
177 201 185 201
177 205 185 205
177 228 184 228
177 233 187 233
177 238 186 238
178 7 186 7
178 8 185 8
178 12 186 12
178 13 186 13
178 23 186 23
178 54 185 54
178 55 186 55
178 62 187 62
178 69 189 69
178 86 185 86
178 99 188 99
178 124 188 124
178 146 185 146
178 152 186 152
178 159 187 159
178 172 189 172
178 173 186 173
178 183 185 183
178 195 185 195
178 196 186 196
178 202 187 202
178 206 185 206
178 214 187 214
178 223 185 223
178 231 186 231
178 235 189 235
178 236 187 236
178 248 187 248
179 33 189 33
179 44 189 44
179 45 188 45
179 61 186 61
179 75 187 75
179 121 188 121
179 154 187 154
179 157 186 157
179 160 190 160
179 166 186 166
179 167 188 167
179 168 186 168
179 182 188 182
179 186 186 186
179 192 187 192
179 199 190 199
179 221 189 221
179 249 188 249
180 0 190 0
180 16 189 16
180 35 191 35
180 42 187 42
180 50 188 50
180 66 187 66
180 76 190 76
180 82 187 82
180 89 187 89
180 90 187 90
180 92 189 92
180 109 189 109
180 114 188 114
180 139 187 139
180 169 187 169
180 198 190 198
180 211 190 211
180 212 191 212
180 239 189 239
180 240 187 240
180 247 189 247
181 40 189 40
181 41 188 41
181 56 188 56
181 63 189 63
181 64 190 64
181 73 188 73
181 74 189 74
181 97 188 97
181 101 189 101
181 104 190 104
181 115 188 115
181 117 189 117
181 122 188 122
181 127 191 127
181 135 190 135
181 138 191 138
181 147 188 147
181 164 188 164
181 200 188 200
181 216 188 216
181 217 191 217
181 219 188 219
181 224 188 224
181 230 189 230
181 234 190 234
182 4 189 4
182 43 190 43
182 143 190 143
182 153 189 153
182 180 189 180
182 207 189 207
182 209 191 209
182 220 193 220
182 246 189 246
183 19 191 19
183 20 191 20
183 21 193 21
183 31 194 31
183 38 194 38
183 58 190 58
183 84 191 84
183 96 193 96
183 105 190 105
183 111 194 111
183 116 190 116
183 120 192 120
183 125 191 125
183 130 193 130
183 134 192 134
183 142 193 142
183 156 190 156
183 171 191 171
183 208 192 208
184 27 195 27
184 30 192 30
184 53 195 53
184 77 192 77
184 81 193 81
184 83 193 83
184 88 194 88
184 108 191 108
184 112 194 112
184 123 193 123
184 126 191 126
184 131 192 131
184 145 191 145
184 163 193 163
184 174 194 174
184 176 195 176
184 179 192 179
184 181 191 181
184 193 195 193
184 203 192 203
184 213 194 213
184 227 194 227
185 3 192 3
185 6 192 6
185 11 195 11
185 15 193 15
185 46 194 46
185 57 196 57
185 70 195 70
185 93 192 93
185 98 194 98
185 102 192 102
185 106 192 106
185 107 193 107
185 113 193 113
185 118 195 118
185 132 194 132
185 151 196 151
185 161 193 161
185 162 192 162
185 165 192 165
185 175 194 175
185 188 192 188
185 190 196 190
185 197 192 197
185 204 192 204
185 210 193 210
185 215 192 215
185 232 194 232
185 237 195 237
185 241 193 241
185 242 196 242
186 5 196 5
186 10 197 10
186 14 193 14
186 17 196 17
186 22 193 22
186 39 194 39
186 48 196 48
186 54 195 54
186 59 196 59
186 71 193 71
186 72 196 72
186 78 193 78
186 79 193 79
186 86 195 86
186 128 194 128
186 129 195 129
186 146 195 146
186 150 194 150
186 183 195 183
186 184 196 184
186 185 193 185
186 189 195 189
186 195 193 195
186 201 197 201
186 205 195 205
186 206 193 206
186 223 196 223
187 7 195 7
187 13 194 13
187 25 194 25
187 34 194 34
187 55 195 55
187 61 196 61
187 85 197 85
187 87 196 87
187 91 196 91
187 94 196 94
187 103 196 103
187 119 195 119
187 152 194 152
187 157 197 157
187 168 198 168
187 177 194 177
187 186 194 186
187 196 195 196
187 231 194 231
188 9 197 9
188 29 195 29
188 37 195 37
188 42 195 42
188 49 197 49
188 62 195 62
188 66 197 66
188 75 197 75
188 82 195 82
188 89 197 89
188 90 196 90
188 137 196 137
188 139 195 139
188 140 195 140
188 154 195 154
188 159 196 159
188 192 195 192
188 202 197 202
188 214 195 214
188 233 196 233
188 236 197 236
188 240 197 240
188 248 195 248
189 32 196 32
189 45 197 45
189 50 197 50
189 56 197 56
189 67 196 67
189 73 196 73
189 97 196 97
189 115 197 115
189 121 196 121
189 122 196 122
189 124 199 124
189 147 197 147
189 164 196 164
189 182 196 182
189 200 196 200
189 216 198 216
189 219 199 219
189 224 197 224
189 245 197 245
189 249 198 249
190 2 199 2
190 4 199 4
190 33 197 33
190 40 197 40
190 51 199 51
190 52 197 52
190 63 197 63
190 92 197 92
190 101 198 101
190 109 197 109
190 153 199 153
190 170 199 170
190 180 198 180
190 207 199 207
190 221 199 221
190 230 198 230
190 235 197 235
190 239 197 239
190 244 197 244
190 246 197 246
190 247 197 247
191 0 199 0
191 43 199 43
191 64 199 64
191 76 199 76
191 116 198 116
191 133 198 133
191 198 198 198
191 234 198 234
192 20 199 20
192 125 199 125
192 138 199 138
192 145 199 145
192 171 199 171
192 181 199 181
192 217 199 217
